510
463 926 603 901 826 879 376 264 189 472 582 447 664 547 702
453 401 398 930 907 177 256 105 429 63 995 437 638 190 16
16 320 40 141 523 284 138 405 17 318 257 543 651 378 278
9 27 805 962 204 390 387 382 210 32 64 128 100 150 200
4 12 32 530 35 125 450 41 316 301 15 246 849 844 165
27 959 14 21 8 876 539 948 662 5 13 32 254 577 888
452 715 691 81 725 359 361 381 263 793 144 412 137 119 476
496 189 467 149 377 714 273 443 490 81 976 255 180 71 703
620 161 978 849 678 964 935 188 602 63 659 111 182 245 712
31 9 8 603 178 832 743 916 341 87 65 646 707 830 612
63 877 495 149 290 2 698 166 227 400 476 941 786 129 71
919 820 502 828 481 943 815 70 415 413 484 1 329 250 78
915 466 401 641 802 543 331 766 934 487 786 868 951 768 886
231 762 74 269 508 985 134 328 371 937 531 756 470 464 488
926 25 502 261 339 115 67 962 399 68 882 863 996 791 924
742 13 370 448 183 531 147 41 546 768 318 120 522 466 628
756 968 58 358 592 421 638 978 980 988 444 85 118 831 48
858 754 281 344 210 703 84 885 844 685 148 389 927 84 956
103 310 782 175 614 523 496 897 562 399 924 896 539 328 995
685 336 548 961 15 175 982 120 300 100 583 228 588 672 950
68 232 659 587 909 967 218 608 838 779 343 873 980 478 572
950 944 395 754 598 994 26 689 399 342 3 4 5 982 730
985 780 160 816 933 628 433 414 845 646 322 450 716 849 619
669 855 278 173 687 471 304 460 377 424 10 7 20 130 721
883 654 47 145 224 771 927 320 579 38 361 773 661 662 155
335 9 159 283 49 971 963 318 913 431 811 266 374 861 284
232 672 564 888 932 484 973 226 143 344 962 110 444 532 646
16 3 29 14 83 874 871 401 381 473 538 908 58 760 20
969 120 160 40 584 176 598 110 358 443 822 403 198 46 199
643 614 574 5 8 13 4 8 3 143 703 7 242 50 61
34 487 526 290 818 219 968 710 894 510 180 447 708 226 296
782 314 932 211 169 67 824 127 90 508 138 350 824 799 882
713 212 335 223 990 735 502 743 363 434 484 509 782 166 512
565 654 934 364 397 168 4 5 6 603 524 183 303 789 399
