673
707
470
472
763
303
564
506
753
176
788
863
529
504
47
909
26
95
9
291
968
401
964
189
699
19
615
533
846
706
184
21
394
754
635
894
109
448
609
111
902
849
430
423
659
540
23
456
379
993
224
223
996
923
966
496
616
935
634
203
323
716
768
772
78
174
242
42
729
512
486
604
969
54
214
832
383
107
378
709
96
483
772
928
602
78
237
799
868
359
382
515
870
904
43
57
186
627
713
693
210
440
388
27
266
281
986
312
912
174
326
325
231
927
704
134
571
188
638
932
436
179
870
938
589
562
192
595
912
949
591
718
656
964
880
679
738
859
385
463
314
793
911
234
227
244
518
43
2
492
90
392
290
604
974
390
805
89
277
99
562
191
775
876
969
378
875
184
412
626
323
861
506
70
501
467
57
804
974
914
471
138
566
120
158
857
358
686
547
623
701
855
762
60
125
140
229
484
188
821
405
846
665
186
905
71
291
585
555
732
15
914
327
659
675
865
816
474
917
473
872
399
623
245
65
316
701
884
65
316
753
310
276
287
920
473
467
469
654
337
649
160
980
387
122
333
522
536
310
855
464
63
894
936
964
441
477
137
939
93
307
68
475
600
762
671
941
746
876
348
756
38
521
294
76
968
563
800
423
747
156
178
890
754
855
520
518
881
477
970
348
495
594
270
912
82
258
449
497
908
738
873
181
915
855
618
248
782
385
805
591
967
953
958
699
260
440
495
139
620
408
523
726
767
775
221
585
802
472
751
570
23
76
377
879
931
624
151
890
282
202
246
530
39
485
322
341
791
33
978
361
165
891
780
717
115
115
114
544
415
132
972
729
406
342
911
142
738
12
695
382
186
645
902
285
313
56
258
359
627
20
866
1000
973
173
592
760
31
584
652
274
377
506
997
680
19
16
305
618
372
463
454
550
377
400
145
455
44
117
153
976
140
540
543
266
80
157
654
186
860
601
608
183
14
896
783
519
298
921
35
20
383
485
575
456
352
668
329
69
183
45
981
730
269
143
843
855
962
772
395
436
653
817
107
151
377
244
518
963
826
827
365
894
219
466
783
865
529
84
799
899
243
725
708
715
161
442
731
133
398
623
111
346
325
356
873
898
460
741
193
74
681
484
807
183
473
876
966
374
480
233
185
508
911
515
969
263
324
492
990
820
120
855
921
370
977
742
736
953
432
165
767
344
109
926
3
527
976
429
715
984
245
926
558
379
222
885
70
687
142
432
740
161
62
690
10
513
492
854
827
290
457
885
880
445
478
56
33
409
25
367
332
133
266
502
975
638
361
472
978
971
336
977
159
125
290
370
179
671
363
918
219
891
896
969
684
723
394
304
846
487
476
418
822
263
184
341
47
954
46
56
220
745
417
65
496
150
831
131
277
911
89
825
58
509
715
759
373
211
14
204
448
466
602
83
518
295
354
82
981
776
839
804
539
543
23
81
953
94
712
863
790
968
798
200
146
535
131
249
548
617
525
635
634
547
428
177
439
910
815
164
633
635
264
549
120
546
868
762
121
886
479
462
815
587
886
798
396
898
68
35
21
441
138
243
627
180
513
965
286
953
448
241
700
831
910
185
959
177
597
522
831
487
638
89
898
656
63
108
837
709
531
168
685
256
375
830
159
434
839
728
789
465
961
122
636
174
417
72
708
235
499
257
821
785
680
843
454
132
716
222
884
782
710
265
617
751
528
344
467
197
565
45
457
631
928
822
486
679
586
688
432
844
662
942
277
749
369
863
694
429
534
998
573
770
80
152
92
793
12
253
195
124
228
145
540
145
381
366
658
182
523
43
508
587
148
581
302
459
310
65
303
517
348
157
671
154
253
122
644
844
703
332
994
548
310
787
562
668
210
173
760
969
523
641
928
243
745
503
675
544
641
304
194
38
275
959
646
519
990
203
404
397
980
414
437
112
691
319
838
141
348
131
837
493
133
952
76
782
826
13
176
174
158
224
17
619
864
656
561
550
789
906
437
506
658
271
508
110
56
591
678
541
382
743
808
611
256
31
221
702
812
747
983
948
361
45
270
898
912
560
33
547
334
578
247
393
499
955
413
456
687
628
817
229
929
351
549
988
627
785
294
813
434
129
870
694
32
456
955
773
558
904
412
773
851
946
989
333
770
480
793
792
804
359
708
982
232
274
494
43
108
594
494
576
308
81
346
408
594
196
853
174
991
131
768
468
459
536
624
438
995
390
752
390
409
800
974
308
636
104
605
755
707
960
841
754
984
158
246
65
539
48
209
983
551
944
163
966
348